ff fe 62 00 6c 00 69 00  6e 00 6b 00 65 00 72 00
3d 00 3d 00 31 00 2e 00  39 00 2e 00 30 00 0d 00
0a 00 63 00 6c 00 69 00  63 00 6b 00 3d 00 3d 00
38 00 2e 00 33 00 2e 00  33 00 0d 00 0a 00 63 00
6f 00 6c 00 6f 00 72 00  61 00 6d 00 61 00 3d 00
3d 00 30 00 2e 00 34 00  2e 00 36 00 0d 00 0a 00
46 00 6c 00 61 00 73 00  6b 00 3d 00 3d 00 33 00
2e 00 31 00 2e 00 33 00  0d 00 0a 00 46 00 6c 00
61 00 73 00 6b 00 2d 00  4d 00 61 00 69 00 6c 00
3d 00 3d 00 30 00 2e 00  31 00 30 00 2e 00 30 00
0d 00 0a 00 46 00 6c 00  61 00 73 00 6b 00 2d 00
4d 00 79 00 53 00 51 00  4c 00 64 00 62 00 3d 00
3d 00 32 00 2e 00 30 00  2e 00 30 00 0d 00 0a 00
67 00 75 00 6e 00 69 00  63 00 6f 00 72 00 6e 00
3d 00 3d 00 32 00 36 00  2e 00 30 00 2e 00 30 00
0d 00 0a 00 69 00 74 00  73 00 64 00 61 00 6e 00
67 00 65 00 72 00 6f 00  75 00 73 00 3d 00 3d 00
32 00 2e 00 32 00 2e 00  30 00 0d 00 0a 00 4a 00
69 00 6e 00 6a 00 61 00  32 00 3d 00 3d 00 33 00
2e 00 31 00 2e 00 36 00  0d 00 0a 00 6a 00 6f 00
62 00 6c 00 69 00 62 00  3d 00 3d 00 31 00 2e 00
35 00 2e 00 33 00 0d 00  0a 00 4d 00 61 00 72 00
6b 00 75 00 70 00 53 00  61 00 66 00 65 00 3d 00
3d 00 33 00 2e 00 30 00  2e 00 33 00 0d 00 0a 00
6d 00 79 00 73 00 71 00  6c 00 63 00 6c 00 69 00
65 00 6e 00 74 00 3d 00  3d 00 32 00 2e 00 32 00
2e 00 38 00 0d 00 0a 00  6e 00 75 00 6d 00 70 00
79 00 3d 00 3d 00 32 00  2e 00 34 00 2e 00 34 00
0d 00 0a 00 70 00 61 00  63 00 6b 00 61 00 67 00
69 00 6e 00 67 00 3d 00  3d 00 32 00 36 00 2e 00
32 00 0d 00 0a 00 70 00  61 00 6e 00 64 00 61 00
73 00 3d 00 3d 00 33 00  2e 00 30 00 2e 00 33 00
0d 00 0a 00 70 00 69 00  6c 00 6c 00 6f 00 77 00
3d 00 3d 00 31 00 32 00  2e 00 32 00 2e 00 30 00
0d 00 0a 00 70 00 79 00  74 00 68 00 6f 00 6e 00
2d 00 64 00 61 00 74 00  65 00 75 00 74 00 69 00
6c 00 3d 00 3d 00 32 00  2e 00 39 00 2e 00 30 00
2e 00 70 00 6f 00 73 00  74 00 30 00 0d 00 0a 00
73 00 63 00 69 00 6b 00  69 00 74 00 2d 00 6c 00
65 00 61 00 72 00 6e 00  3d 00 3d 00 31 00 2e 00
38 00 2e 00 30 00 0d 00  0a 00 73 00 63 00 69 00
70 00 79 00 3d 00 3d 00  31 00 2e 00 31 00 37 00
2e 00 31 00 0d 00 0a 00  73 00 69 00 78 00 3d 00
3d 00 31 00 2e 00 31 00  37 00 2e 00 30 00 0d 00
0a 00 74 00 68 00 72 00  65 00 61 00 64 00 70 00
6f 00 6f 00 6c 00 63 00  74 00 6c 00 3d 00 3d 00
33 00 2e 00 36 00 2e 00  30 00 0d 00 0a 00 74 00
7a 00 64 00 61 00 74 00  61 00 3d 00 3d 00 32 00
30 00 32 00 36 00 2e 00  32 00 0d 00 0a 00 57 00
65 00 72 00 6b 00 7a 00  65 00 75 00 67 00 3d 00
3d 00 33 00 2e 00 31 00  2e 00 38 00 0d 00 0a 00
